[DIALOG]
mainfont = "DIALOG2"
subfont = "DIALOG3"
mainfontscale = 1.0
subfontscale = 1.0
mainfontcolor = 4294967168
subfontcolor = 4286611584
subfontcolorselect = 4294967295
maxtextlines = 5
maxlinkslines = 5
charnamefont = "DIALOG2"
charnamescale = 1.4
charnameoffset = [6, -26]
charnamecolor = 4294967168

[BACKPARAM]
basescreensize = [800, 600]
basescreenoffset = [0, 0]
texture = "dialog\\dialog.tga"
texturewidth = 1024
textureheight = 128
uvlefttop = [0.291015625, 0.21875, 0.298828125, 0.28125]
uvrighttop = [0.990234375, 0.21875, 0.998046875, 0.28125]
uvleftbottom = [0.291015625, 0.921875, 0.298828125, 0.984375]
uvrightbottom = [0.990234375, 0.921875, 0.998046875, 0.984375]
uvleft = [0.291015625, 0.28125, 0.298828125, 0.921875]
uvright = [0.990234375, 0.28125, 0.998046875, 0.921875]
uvtop = [0.298828125, 0.21875, 0.990234375, 0.28125]
uvbottom = [0.298828125, 0.921875, 0.990234375, 0.984375]
uvcenter = [0.298828125, 0.28125, 0.990234375, 0.921875]
uvdivider = [0.3515625, 0.140625, 0.9375, 0.2109375]
uvchrnameleft = [0.041015625, 0.21875, 0.044921875, 0.453125]
uvchrnameright = [0.28125, 0.21875, 0.28515625, 0.453125]
uvchrnamecenter = [0.044921875, 0.21875, 0.28125, 0.453125]
chrnameoffset = [0.0, -32.0]
chrnameheight = 30
chrnameleftwidth = 4
chrnamecenterwidth = 242
chrnamerightwidth = 4
dividerheight = 8
divideroffsetx = 12
backborderoffset = [6, 6, 6, 6]
backposition = [40, 540, 760, 580]

[BUTTON]
uvupnormal = [0.2939453125, 0.0, 0.306640625, 0.2109375]
uvdownnormal = [0.306640625, 0.0, 0.3193359375, 0.2109375]
uvuplight = [0.3193359375, 0.0, 0.33203125, 0.2109375]
uvdownlight = [0.33203125, 0.0, 0.3349609375, 0.2109375]
buttonsize = [13, 27]
